CVfold: 1/1 Epoch: 1 Train loss: 1.588 Train Acc: 0.94 Train F1: 0.94 Train loss states: 0.743 Train loss alpha: 0.189 Train loss D: 0.034 Train loss jaccard: 0.966 Train loss TP_CP: 0.622 Val loss: 2.876 Val Acc: 0.912 Val F1: 0.912 Val loss states: 0.846 Val loss alpha: 0.219 Val loss D: 0.05 Val loss jaccard: 0.913 Val loss TP_CP: 1.76 Best Val Acc: 2.876 time/epoch: 0:03:57.006995
CVfold: 1/1 Epoch: 2 Train loss: 1.737 Train Acc: 0.944 Train F1: 0.944 Train loss states: 0.648 Train loss alpha: 0.148 Train loss D: 0.016 Train loss jaccard: 0.938 Train loss TP_CP: 0.925 Val loss: 1.939 Val Acc: 0.943 Val F1: 0.943 Val loss states: 0.642 Val loss alpha: 0.139 Val loss D: 0.014 Val loss jaccard: 0.929 Val loss TP_CP: 1.143 Best Val Acc: 1.939 time/epoch: 0:02:58.410408
CVfold: 1/1 Epoch: 3 Train loss: 1.768 Train Acc: 0.944 Train F1: 0.944 Train loss states: 0.626 Train loss alpha: 0.14 Train loss D: 0.013 Train loss jaccard: 0.93 Train loss TP_CP: 0.989 Val loss: 1.677 Val Acc: 0.944 Val F1: 0.944 Val loss states: 0.619 Val loss alpha: 0.139 Val loss D: 0.012 Val loss jaccard: 0.924 Val loss TP_CP: 0.906 Best Val Acc: 1.677 time/epoch: 0:02:47.484343
CVfold: 1/1 Epoch: 5 Train loss: 1.695 Train Acc: 0.95 Train F1: 0.95 Train loss states: 0.609 Train loss alpha: 0.13 Train loss D: 0.011 Train loss jaccard: 0.926 Train loss TP_CP: 0.945 Val loss: 1.661 Val Acc: 0.949 Val F1: 0.949 Val loss states: 0.611 Val loss alpha: 0.134 Val loss D: 0.01 Val loss jaccard: 0.926 Val loss TP_CP: 0.905 Best Val Acc: 1.661 time/epoch: 0:02:39.332241
