CVfold: 1/1 Epoch: 1 Train loss: 1.69 Train Acc: 0.818 Train F1: 0.818 Train loss states: 0.88 Train loss alpha: 0.211 Train loss D: 0.037 Train loss jaccard: 0.973 Train loss TP_CP: 0.562 Val loss: 3.172 Val Acc: 0.883 Val F1: 0.883 Val loss states: 1.001 Val loss alpha: 0.248 Val loss D: 0.062 Val loss jaccard: 0.805 Val loss TP_CP: 1.86 Best Val Acc: 3.172 time/epoch: 0:04:00.208823
CVfold: 1/1 Epoch: 2 Train loss: 1.578 Train Acc: 0.934 Train F1: 0.934 Train loss states: 0.707 Train loss alpha: 0.153 Train loss D: 0.019 Train loss jaccard: 0.956 Train loss TP_CP: 0.7 Val loss: 1.82 Val Acc: 0.927 Val F1: 0.927 Val loss states: 0.715 Val loss alpha: 0.162 Val loss D: 0.017 Val loss jaccard: 0.939 Val loss TP_CP: 0.925 Best Val Acc: 1.82 time/epoch: 0:03:26.408142
CVfold: 1/1 Epoch: 3 Train loss: 1.65 Train Acc: 0.945 Train F1: 0.945 Train loss states: 0.67 Train loss alpha: 0.141 Train loss D: 0.015 Train loss jaccard: 0.945 Train loss TP_CP: 0.825 Val loss: 1.681 Val Acc: 0.945 Val F1: 0.945 Val loss states: 0.667 Val loss alpha: 0.139 Val loss D: 0.012 Val loss jaccard: 0.933 Val loss TP_CP: 0.863 Best Val Acc: 1.681 time/epoch: 0:02:57.725029
CVfold: 1/1 Epoch: 4 Train loss: 1.654 Train Acc: 0.95 Train F1: 0.95 Train loss states: 0.653 Train loss alpha: 0.134 Train loss D: 0.012 Train loss jaccard: 0.935 Train loss TP_CP: 0.855 Val loss: 1.608 Val Acc: 0.955 Val F1: 0.955 Val loss states: 0.641 Val loss alpha: 0.132 Val loss D: 0.012 Val loss jaccard: 0.926 Val loss TP_CP: 0.823 Best Val Acc: 1.608 time/epoch: 0:02:38.628231
